Vertex Count: 15

Data:

0.5 -0.353553 -0.5 0.333997 0.666003 0 -1 -0
0.5 -0.353553 0.5 0.333997 0.333997 0 -1 -0
-0.5 -0.353553 0.5 0.666003 0.333997 0 -1 -0
0 0.353553 -0 0.998008 0.5 -0.816497 0.57735 -0
-0.5 -0.353553 -0.5 0.666003 0.666003 -0.816497 0.57735 -0
-0.5 -0.353553 0.5 0.666003 0.333997 -0.816497 0.57735 -0
0 0.353553 -0 0.5 0.998008 0 0.57735 -0.816497
0.5 -0.353553 -0.5 0.333997 0.666003 0 0.57735 -0.816497
-0.5 -0.353553 -0.5 0.666003 0.666003 0 0.57735 -0.816497
0 0.353553 -0 0.001992 0.500101 0.816497 0.57735 0
0.5 -0.353553 0.5 0.333997 0.333997 0.816497 0.57735 0
0.5 -0.353553 -0.5 0.333997 0.666003 0.816497 0.57735 0
0 0.353553 -0 0.5 0.00199199 -0 0.57735 0.816497
-0.5 -0.353553 0.5 0.666003 0.333997 -0 0.57735 0.816497
0.5 -0.353553 0.5 0.333997 0.333997 -0 0.57735 0.816497
